250
3850
1 0.0604   0.0139   0.005456403055101881  0.00838019484858645  0.0015  1
2 0.0297   0.0113   0.0038411283014721715  0.009232861602538485  0.0015  1
3 0.0624   0.0613   0.008823536943378393  -0.0047058682311383  0.0015  1
4 0.0112   0.0209   0.008137079472920363  -0.005812739255409456  0.0015  1
5 0.0831   0.0544   -0.007486271710953423  0.006629912206792674  0.0015  1
6 0.0791   0.0331   -0.009770694940875926  -0.0021292065123753533  0.0015  1
7 0.0182   0.0154   0.00966353685525355  0.002572169404832489  0.0015  1
8 0.0654   0.0169   -0.0016555535465403587  -0.009862004991609852  0.0015  1
9 0.0721   0.0629   -0.009616817971127794  0.0027416805266466623  0.0015  1
10 0.0238   0.0308   0.0023033353326548244  0.009731117425318837  0.0015  1
11 0.0032   0.0198   0.00919938833943174  -0.003920619106764561  0.0015  1
12 0.0633   0.0518   0.009994966938726176  -3.1723160903464304E-4  0.0015  1
13 0.0554   0.067   -0.002907740915115301  0.009567917368506295  0.0015  1
14 0.037   0.0554   -0.009203151313177478  -0.0039117778447605705  0.0015  1
15 0.0572   0.0586   -0.009502991798835873  0.0031133819025712423  0.0015  1
16 0.0804   0.0049   -0.005990878957268531  0.008006832664628202  0.0015  1
17 0.0213   0.0216   0.00972726921521518  0.002319533059632281  0.0015  1
18 0.015   0.0287   -0.00643573749527245  0.007653841054787086  0.0015  1
19 0.084   0.0439   -0.00755808731962088  -0.006547924561949845  0.0015  1
20 0.0302   0.0602   -0.009985816366482794  5.324204117841351E-4  0.0015  1
21 0.0601   0.0781   0.009340743003805215  -0.0035707870472577803  0.0015  1
22 0.0384   0.051   0.0021623328001848354  0.009763417273744107  0.0015  1
23 0.0754   0.022   -0.008456749802184096  0.005336982554146045  0.0015  1
24 0.0653   0.0795   -0.0010667105390882298  -0.009942943659993157  0.0015  1
25 0.0042   0.039   -0.009996207783595003  2.7537237914261576E-4  0.0015  1
26 0.0875   0.0049   0.007437732149918664  0.006684320493966929  0.0015  1
27 0.0259   0.0755   0.003912532818655554  -0.009202830376734281  0.0015  1
28 0.0703   0.038   0.0017809150881766597  -0.009840139300269318  0.0015  1
29 0.0332   0.0034   0.009467114037736816  -0.003220830917090576  0.0015  1
30 0.0237   0.0047   0.00504042018070408  -0.008636791325599517  0.0015  1
31 0.0362   0.0362   -0.0021792548402969195  -0.00975965410970299  0.0015  1
32 0.0691   0.018   0.009444888789860722  0.003285433875025225  0.0015  1
33 0.0618   0.0339   -0.007777519874413663  0.006285712736285399  0.0015  1
34 0.0727   0.0181   -0.009761252128184798  0.002172085838545008  0.0015  1
35 0.023   0.0781   0.009379278284639827  0.0034683048971051855  0.0015  1
36 0.0274   0.0018   -0.004035691835800726  -0.009149491319546206  0.0015  1
37 0.0277   0.0316   -0.006875326300342808  0.00726153484215386  0.0015  1
38 0.0371   0.0044   -0.008754626311911012  0.0048328581749101  0.0015  1
39 0.0447   0.0576   0.007122968866858334  -0.007018782980101814  0.0015  1
40 0.0396   0.0822   -0.0011380214880507625  -0.009935034327707919  0.0015  1
41 0.0626   0.008   0.008884589945304062  0.004589560055582884  0.0015  1
42 0.0503   0.0024   -0.00990796671459581  -0.001353586193214724  0.0015  1
43 0.0039   0.0026   0.0099544421113169  -9.53458049649145E-4  0.0015  1
44 0.0123   0.0694   0.001645116005538336  -0.009863751483503708  0.0015  1
45 0.0812   0.02   -0.00926034216946783  0.0037743957005560336  0.0015  1
46 0.0204   0.0343   -0.002606631271632387  -0.009654298183386928  0.0015  1
47 0.074   0.0057   -0.003947058684512171  -0.009188075301226969  0.0015  1
48 0.0348   0.032   -0.004176086410092944  0.00908626998803343  0.0015  1
49 0.0636   0.0464   0.0029137010162895434  -0.009566104033914396  0.0015  1
50 0.0043   0.043   0.009936241272599995  0.0011274348640522235  0.0015  1
51 0.0545   0.0631   -0.002461963402089788  0.009692199760981533  0.0015  1
52 0.0754   0.0428   0.001122393278778696  -0.009936812030412592  0.0015  1
53 0.0717   0.0554   -0.007092413081342297  0.007049657912523463  0.0015  1
54 0.0313   0.0186   0.004590231497057317  0.00888424306305399  0.0015  1
55 0.086   0.0231   0.004483595095916564  0.00893853315795567  0.0015  1
56 0.0197   0.0034   0.009685899388884726  -0.002486634880396089  0.0015  1
57 0.0462   0.0341   -0.009998567312993036  1.6926809370702815E-4  0.0015  1
58 0.0766   0.0608   0.008669182338045443  0.004984503745581997  0.0015  1
59 0.0601   0.0446   0.0027264922004685372  -0.009621135082763584  0.0015  1
60 0.0389   0.0435   -5.295532091119406E-4  0.009985968826244114  0.0015  1
61 0.0482   0.0144   -0.004627874978212516  0.008864692503749608  0.0015  1
62 0.0749   0.0641   0.009992061020894075  3.9839246319336026E-4  0.0015  1
63 0.01   0.0136   -0.004399957491183413  0.008979998556557733  0.0015  1
64 0.0393   0.0854   -0.00273248449997517  0.009619434934412491  0.0015  1
65 0.0119   0.0262   0.009123133747842089  -0.0040949274253623555  0.0015  1
66 0.0487   0.06   0.009963732054119273  -8.509074883417871E-4  0.0015  1
67 0.0176   0.0191   -0.0052270383893226555  -0.008525143381582929  0.0015  1
68 0.0124   0.0179   -0.0036059641658022553  0.00932721943748243  0.0015  1
69 0.0522   0.0447   -0.005907988845031246  -0.00806818863233789  0.0015  1
70 0.0435   0.0039   -0.005992286674330845  0.008005779188351186  0.0015  1
71 0.0855   0.0143   0.0093014828020289  0.00367184118441425  0.0015  1
72 0.0482   0.0436   0.007575371837329997  -0.0065279201531718775  0.0015  1
73 0.0451   0.0296   0.009935453373557813  0.0011343572020570366  0.0015  1
74 0.0463   0.0238   0.0014861854732472963  -0.009888945987268244  0.0015  1
75 0.04   0.0785   0.009261760369447588  -0.003770914326649453  0.0015  1
76 0.0333   0.0519   -0.008708421592865185  -0.00491562746360212  0.0015  1
77 0.0663   0.0541   0.008235494473994846  0.005672444866968769  0.0015  1
78 0.0094   0.0091   -0.007576265884597726  0.00652688250590438  0.0015  1
79 0.0036   0.0157   -0.009572645192570258  0.002892138312246069  0.0015  1
80 0.0287   0.0402   -0.008908737305763349  -0.004542510277027492  0.0015  1
81 0.0592   0.074   -0.009737281749112377  -0.002277135072498558  0.0015  1
82 0.0619   0.0645   0.009802214210053704  -0.001979039307396709  0.0015  1
83 0.0747   0.0867   0.006724628110439488  -0.007401309125843012  0.0015  1
84 0.0515   0.0877   0.009685148060961634  0.0024895596070893962  0.0015  1
85 0.0021   0.0362   -0.00577844821419417  -0.008161466549332676  0.0015  1
86 0.044   0.038   0.009996624949736431  2.597876330911155E-4  0.0015  1
87 0.0062   0.0708   0.008017452800723081  0.005976658814770809  0.0015  1
88 0.0167   0.0056   -0.0046859772368937  0.008834116669781653  0.0015  1
89 0.0837   0.0089   -0.007565893218412214  -0.006538903563104756  0.0015  1
90 0.0434   0.0875   9.726200566293445E-4  -0.009952588116939349  0.0015  1
91 0.0424   0.0219   -0.0022999480029670984  -0.009731918576706633  0.0015  1
92 0.0069   0.0285   -0.009216980943857117  0.003879080081742933  0.0015  1
93 0.0306   0.0377   0.009444761344077669  0.003285800230296452  0.0015  1
94 0.0379   0.0762   0.004067562698214504  0.00913536718999811  0.0015  1
95 0.0372   0.0185   0.007818111780887631  0.006235152618945748  0.0015  1
96 0.0761   0.0098   -0.009975533354231151  6.99095343012524E-4  0.0015  1
97 0.056   0.0824   -0.008303664136977832  -0.005572177482839917  0.0015  1
98 0.003   0.0532   -0.007917755227339411  0.0061081218193434405  0.0015  1
99 0.0819   0.0364   0.009885574692581804  0.0015084472139873487  0.0015  1
100 0.0162   0.0734   0.008470083206457204  0.0053157963162344425  0.0015  1
101 0.0165   0.081   -2.3232047503080737E-5  0.009999973013562027  0.0015  1
102 0.044   0.0842   -0.004778279371486297  0.008784534492392214  0.0015  1
103 0.0335   0.042   0.003773949009240543  0.009260524222507725  0.0015  1
104 0.0131   0.0422   -0.00993930600414571  -0.0011000891581835711  0.0015  1
105 0.0264   0.0348   0.0016772823884644123  0.009858332708391775  0.0015  1
106 0.0762   0.0801   -0.008782234370100181  -0.0047825055638891925  0.0015  1
107 0.0378   0.0474   -0.009361162185314572  -0.0035169080938000793  0.0015  1
108 0.0718   0.0595   -0.004542692969420179  -0.00890864414967735  0.0015  1
109 0.0058   0.0852   -0.0052746905196138305  0.008495742458566878  0.0015  1
110 0.0081   0.037   0.006417526427735405  0.00766911693412727  0.0015  1
111 0.0381   0.0235   0.0017859120265989593  -0.009839233620219066  0.0015  1
112 0.0032   0.0467   -0.008624902894407658  -0.00506073611859366  0.0015  1
113 0.0827   0.0493   -0.0011988148414485043  0.009927882099215461  0.0015  1
114 0.0651   0.02   -4.0152322101585724E-4  0.009991935703505355  0.0015  1
115 0.0126   0.0619   -0.00395041416716534  0.009186633110550317  0.0015  1
116 0.0122   0.0336   0.009771124982894333  0.0021272321379337596  0.0015  1
117 0.0784   0.0131   -0.0016116671795325984  -0.009869271954020592  0.0015  1
118 0.0411   0.0563   0.002790726341463797  -0.009602699958191971  0.0015  1
119 0.0598   0.0176   0.004240449387688561  0.009056411485265658  0.0015  1
120 0.0715   0.0261   -0.006276838222659207  -0.007784683803891101  0.0015  1
121 0.0363   0.0642   0.009970875227563309  -7.626579812499984E-4  0.0015  1
122 0.0289   0.0551   0.009994267134581491  3.385623171947616E-4  0.0015  1
123 0.0579   0.0232   -0.00819304573407388  0.0057335854052568015  0.0015  1
124 0.0586   0.0497   0.0017918086171625008  0.009838161509116539  0.0015  1
125 0.0132   0.0097   -0.009539961982798932  -0.0029981870133050565  0.0015  1
126 0.031   0.0636   -0.00976486873230355  -0.0021557686890945537  0.0015  1
127 0.0783   0.0552   0.007462030918747182  0.006657183681382172  0.0015  1
128 0.0842   0.004   0.004767131461255867  -0.008790589151536118  0.0015  1
129 0.0782   0.0836   0.009020741742782694  0.0043158102842940005  0.0015  1
130 0.0505   0.0643   0.005281197777759292  -0.008491698889632764  0.0015  1
131 0.0037   0.0757   -0.0048737798127391685  -0.00873191103578914  0.0015  1
132 0.0547   0.0254   -0.002633657215052569  0.009646960644348123  0.0015  1
133 0.0263   0.0881   -0.006695877117934217  -0.007427329911988895  0.0015  1
134 0.0716   0.0214   0.008050412014168616  -0.005932189005934453  0.0015  1
135 0.0527   0.0574   -1.745999388356185E-4  0.00999847562688226  0.0015  1
136 0.0279   0.0702   -0.004510935901607948  0.008924766511880549  0.0015  1
137 0.0227   0.0017   0.00985541573888493  -0.0016943378098062958  0.0015  1
138 0.0353   0.0878   -0.0026113526910862645  0.009653022175606795  0.0015  1
139 0.0672   0.0117   -0.004428119554474087  0.008966145058568046  0.0015  1
140 0.0592   0.0543   -0.009172388370327725  -0.0039833769070823175  0.0015  1
141 0.0835   0.0812   -0.0098713075797298  0.0015991518584452837  0.0015  1
142 0.0885   0.0182   0.0025004029044352807  0.009682354327098942  0.0015  1
143 0.0655   0.003   -0.009748040812447343  -0.0022306277858174703  0.0015  1
144 0.0684   0.0655   0.009971161193901009  7.589100376478036E-4  0.0015  1
145 0.0214   0.0475   6.569610610858459E-4  -0.009978396773240526  0.0015  1
146 0.0127   0.0062   0.009978872012188012  -6.497025199048971E-4  0.0015  1
147 0.0493   0.0094   0.009999516526405957  9.833228429226928E-5  0.0015  1
148 0.0877   0.0445   -0.00549109947374853  0.008357501215638477  0.0015  1
149 0.0554   0.0284   0.009543321176785751  0.002987477349991564  0.0015  1
150 0.0041   0.0123   0.008878235116217855  0.004601841068654602  0.0015  1
151 0.0184   0.0545   -0.008437310176810117  0.005367662152212678  0.0015  1
152 0.0307   0.0878   -0.009014036444101191  -0.004329797568526219  0.0015  1
153 0.0384   0.0124   0.007344738210276723  -0.006786370209655605  0.0015  1
154 0.0601   0.0395   0.007897483968641688  0.0061343090046921765  0.0015  1
155 0.025   0.0844   0.009931224460670244  -0.001170803447118694  0.0015  1
156 0.0296   0.0212   -0.005126356804421037  0.008586062305490576  0.0015  1
157 0.07   0.0726   -0.009542634206110647  0.002989670953193185  0.0015  1
158 0.0235   0.0645   0.009930195178154952  -0.0011795014725502278  0.0015  1
159 0.0748   0.0578   -8.261775630358115E-4  0.009965813094491398  0.0015  1
160 0.0429   0.0171   0.006157868744426028  -0.007879127650090524  0.0015  1
161 0.0181   0.0496   -0.009992373991416814  3.9046384679867243E-4  0.0015  1
162 0.0086   0.0482   -0.008053585363974977  0.005927880125742087  0.0015  1
163 0.0748   0.0331   -0.00999958629783933  9.09608270845921E-5  0.0015  1
164 0.0072   0.0665   -0.001673328257521282  0.00985900464258846  0.0015  1
165 0.0432   0.0072   -0.006082864486714381  -0.007937175797238525  0.0015  1
166 0.0503   0.0786   -4.73924599677562E-5  0.009999887697106314  0.0015  1
167 0.0778   0.0761   -0.004547819564679964  -0.008906028138688656  0.0015  1
168 0.0619   0.0302   -0.004640669890384656  -0.008858001070697456  0.0015  1
169 0.0131   0.0468   -2.6853061649394347E-4  0.009996393915207893  0.0015  1
170 0.0797   0.0874   3.796404880172123E-4  -0.00999279105654962  0.0015  1
171 0.0698   0.0076   -0.007373265919548351  0.00675536451123304  0.0015  1
172 0.0082   0.0802   -0.009654378249727608  0.0026063347082035475  0.0015  1
173 0.0354   0.0818   0.004444777170471155  -0.008957899078738186  0.0015  1
174 0.0614   0.0861   0.009570724444549079  -0.002898488158766695  0.0015  1
175 0.058   0.0704   -0.0029345611596406215  0.00955972545632607  0.0015  1
176 0.0138   0.0566   -0.004940868543484477  0.008694125490007927  0.0015  1
177 0.0806   0.0471   -0.0027645448736296836  -0.009610270112836987  0.0015  1
178 0.0546   0.0879   -0.008023500484560285  0.005968537507150379  0.0015  1
179 0.0711   0.0857   -0.00961764326662989  0.002738784036000054  0.0015  1
180 0.0111   0.0539   0.0038810088797124886  0.009216168947865096  0.0015  1
181 0.0224   0.0537   0.005035760735175792  0.008639508887550367  0.0015  1
182 0.0161   0.0461   -0.009793620765888782  -0.0020211363867765173  0.0015  1
183 0.0194   0.007   -0.00963896358918041  0.002662776920144518  0.0015  1
184 0.0168   0.0604   -0.009191313208713194  -0.003939512850510119  0.0015  1
185 0.0727   0.0125   -0.005326801228108263  -0.008463166586817507  0.0015  1
186 0.0502   0.0496   0.003088993397550336  0.009510947365530441  0.0015  1
187 0.0507   0.0312   -0.008783363587610844  0.004780431370476096  0.0015  1
188 0.0487   0.0694   -0.007807098118336541  0.006248937427328428  0.0015  1
189 0.0092   0.0691   0.009942649046708642  0.0010694531004133618  0.0015  1
190 0.0431   0.0798   0.001620887958066542  0.009867761763814268  0.0015  1
191 0.0018   0.0314   0.003330856324441645  -0.009428965804685427  0.0015  1
192 0.0857   0.0744   -0.0036714199962504597  -0.009301649058695575  0.0015  1
193 0.0201   0.0646   0.0013362730928728134  0.009910316555048286  0.0015  1
194 0.071   0.0442   0.00195318717980279  -0.009807398219744828  0.0015  1
195 0.014   0.0499   0.004930737032021199  0.008699875419858309  0.0015  1
196 0.0752   0.0515   0.007274415448774435  -0.006861696574363504  0.0015  1
197 0.0316   0.0718   -0.0010901261614128144  -0.00994040366143163  0.0015  1
198 0.0102   0.0508   -0.009374433755114452  -0.0034813778552421995  0.0015  1
199 0.0481   0.0555   -0.008315989338378507  -0.005553766408841391  0.0015  1
200 0.0087   0.0189   0.006452134701688952  0.007640023415622574  0.0015  1
201 0.0117   0.0377   -0.007017889742572549  0.007123848928851243  0.0015  1
202 0.0817   0.0705   -0.0032897416953160336  0.009443389199757637  0.0015  1
203 0.0626   0.0815   -8.456444408714206E-4  -0.009964180120793847  0.0015  1
204 0.0787   0.0518   0.00960594354747344  -0.0027795410705282585  0.0015  1
205 0.0396   0.0689   -9.181993039294688E-4  -0.009957756275299344  0.0015  1
206 0.0335   0.0245   -0.009964001999947757  8.477406118837961E-4  0.0015  1
207 0.0803   0.0648   -0.009108766671051914  0.004126786853271418  0.0015  1
208 0.0803   0.0404   -0.003992242770180065  -0.009168533015916178  0.0015  1
209 0.0475   0.0385   0.005635083198308972  0.008261103881935872  0.0015  1
210 0.0317   0.0327   0.006152541102242827  0.007883288526066557  0.0015  1
211 0.0089   0.063   -0.006729961648942871  0.007396459707438292  0.0015  1
212 0.0196   0.0403   -0.00902692542448659  0.004302861533997763  0.0015  1
213 0.0021   0.0095   -0.00971147501262287  -0.0023847962343147102  0.0015  1
214 0.0422   0.0613   0.009825794821607987  -0.0018584284015430005  0.0015  1
215 0.0556   0.0363   -0.009108584750187013  -0.004127188370871945  0.0015  1
216 0.0528   0.0388   0.009917926614181368  0.0012785662578501378  0.0015  1
217 0.0681   0.0049   0.009716141723192568  0.0023657113126576896  0.0015  1
218 0.0547   0.0163   0.007312662805583811  -0.0068209209562808395  0.0015  1
219 0.0295   0.0493   -0.006582153071993281  0.007528297346468816  0.0015  1
220 0.0659   0.062   0.0018669855454779033  0.009824172482859642  0.0015  1
221 0.0108   0.0291   5.50566064227656E-4  -0.00998483234756202  0.0015  1
222 0.0216   0.0686   0.009900831271851153  0.0014048274364968378  0.0015  1
223 0.0677   0.022   0.00933518878195372  0.003585282472175018  0.0015  1
224 0.073   0.0706   -0.00994257999028144  -0.0010700949195539215  0.0015  1
225 0.0299   0.0774   0.009048460567806114  -0.004257389030010984  0.0015  1
226 0.0255   0.0401   2.690776325808337E-4  0.00999637920587473  0.0015  1
227 0.0416   0.0507   -0.0021339805212874843  -0.009769653378434958  0.0015  1
228 0.0859   0.0573   0.009404159960238079  0.003400261084424981  0.0015  1
229 0.0523   0.0138   -0.007773225641790143  0.006291022422612738  0.0015  1
230 0.0522   0.0539   -0.009266203398461128  -0.003759983321551769  0.0015  1
231 0.0283   0.0067   -0.008152150448513203  0.005791583813155602  0.0015  1
232 0.0537   0.0499   -0.002960005020416868  0.009551877840461893  0.0015  1
233 0.0815   0.011   0.004358913321669509  -0.008999993036340201  0.0015  1
234 0.04   0.0037   0.009999875355430801  4.9928707650881185E-5  0.0015  1
235 0.0336   0.0572   -0.003796502917808711  -0.009251300751519753  0.0015  1
236 0.087   0.0354   0.009995430450715251  3.022748830357943E-4  0.0015  1
237 0.0514   0.0194   0.006495464141674084  -0.00760321942233855  0.0015  1
238 0.0333   0.0102   -0.008344747551713688  -0.005510461713701349  0.0015  1
239 0.0879   0.0785   -0.009594731721464423  0.0028179998568354024  0.0015  1
240 0.0108   0.0863   0.00992765749080237  -0.001200673454905866  0.0015  1
241 0.0072   0.0219   0.003578715840568027  0.009337708119901129  0.0015  1
242 0.0744   0.0383   0.007416311228345453  -0.006708079290252701  0.0015  1
243 0.0023   0.067   0.0055560075990223464  -0.008314492140810884  0.0015  1
244 0.0125   0.0834   0.005235554658174546  -0.008519915928063306  0.0015  1
245 0.021   0.0246   -0.006929772400776972  -0.0072095946122808984  0.0015  1
246 0.0414   0.0266   -0.009781757273484933  -0.0020777932145968213  0.0015  1
247 0.0168   0.0096   -0.0014208062235940555  -0.009898550887629785  0.0015  1
248 0.0538   0.0788   -0.0026804834572227206  -0.009634054620747972  0.0015  1
249 0.0047   0.0344   -0.009287816610009492  -0.003706273413933705  0.0015  1
250 0.0191   0.0722   0.009198337809348435  0.003923083168263332  0.0015  1
