    100
    100
    0.5    1.0000
    0.6    1.0000
    0.3700    1.0000
    0.3700    1.0000
    0.3700    1.0000
    0.3700    1.0000
    0.3700    1.0000
    0.3700    1.0000
    0.3700    1.0000
    0.3700    1.0000
    0.3700    1.0000
    0.3700    1.0000
    0.3700    1.0000
    0.3700    1.0000
    0.3700    1.0000
    0.3700    1.0000
    0.3700    1.0000
    0.3700    1.0000
    0.3700    1.0000
    0.3700    1.0000
    0.3700    1.0000
    0.3700    1.0000
    0.3700    1.0000
    0.3700    1.0000
    0.3700    1.0000
    0.3700    1.0000
    0.3700    1.0000
    0.3700    1.0000
    0.3700    1.0000
    0.3700    1.0000
    0.3700    1.0000
    0.3700    1.0000
    0.3700    1.0000
    0.3700    1.0000
    0.3700    1.0000
    0.3700    1.0000
    0.3700    1.0000
    0.3700    1.0000
    0.3700    1.0000
    0.3700    1.0000
    0.3700    1.0000
    0.3700    1.0000
    0.3700    1.0000
    0.3700    1.0000
    0.3700    1.0000
    0.3700    1.0000
    0.3700    1.0000
    0.3700    1.0000
    0.3700    1.0000
    0.3700    1.0000
    0.3700    1.0000
    0.3700    1.0000
    0.3700    1.0000
    0.3700    1.0000
    0.3700    1.0000
    0.3700    1.0000
    0.3700    1.0000
    0.3700    1.0000
    0.3700    1.0000
    0.3700    1.0000
    0.3700    1.0000
    0.3700    1.0000
    0.3700    1.0000
    0.3700    1.0000
    0.3700    1.0000
    0.3700    1.0000
    0.3700    1.0000
    0.3700    1.0000
    0.3700    1.0000
    0.3700    1.0000
    0.3700    1.0000
    0.3700    1.0000
    0.3700    1.0000
    0.3700    1.0000
    0.3700    1.0000
    0.3700    1.0000
    0.3700    1.0000
    0.3700    1.0000
    0.3700    1.0000
    0.3700    1.0000
    0.3700    1.0000
    0.3700    1.0000
    0.3700    1.0000
    0.3700    1.0000
    0.3700    1.0000
    0.3700    1.0000
    0.3700    1.0000
    0.3700    1.0000
    0.3700    1.0000
    0.3700    1.0000
    0.3700    1.0000
    0.3700    1.0000
    0.3700    1.0000
    0.3700    1.0000
    0.3700    1.0000
    0.3700    1.0000
    0.3700    1.0000
    0.3700    1.0000
    0.3700    1.0000
    0.3700    1.0000